65.33333333333333
61.0
79.33333333333333
66.0
56.333333333333336
75.0
35.666666666666664
80.66666666666667
76.0
52.333333333333336
48.333333333333336
63.0
47.666666666666664
75.0
60.0
60.666666666666664
54.0
57.666666666666664
42.333333333333336
77.0
93.66666666666667
48.666666666666664
65.0
60.333333333333336
58.333333333333336
59.666666666666664
60.0
66.0
43.0
57.333333333333336
72.0
45.0
49.0
60.333333333333336
54.666666666666664
48.333333333333336
69.0
64.33333333333333
80.33333333333333
65.0
65.33333333333333
93.66666666666667
59.333333333333336
58.666666666666664
58.333333333333336
54.0
40.0
61.0
60.0
58.0
73.66666666666667
38.666666666666664
64.33333333333333
75.66666666666667
38.0
48.333333333333336
48.0
69.33333333333333
55.333333333333336
62.666666666666664
66.66666666666667
61.0
57.0
52.666666666666664
68.66666666666667
49.333333333333336
82.0
67.66666666666667
51.333333333333336
66.66666666666667
38.333333333333336
62.333333333333336
46.333333333333336
61.333333333333336
65.33333333333333
51.666666666666664
57.666666666666664
56.333333333333336
63.0
48.0
50.0
62.0
63.666666666666664
47.333333333333336
78.66666666666667
43.0
70.66666666666667
41.333333333333336
56.0
64.33333333333333
59.0
81.66666666666667
67.0
73.33333333333333
74.66666666666667
59.333333333333336
55.666666666666664
70.33333333333333
71.66666666666667
52.666666666666664
44.333333333333336
72.33333333333333
51.333333333333336
43.333333333333336
58.666666666666664
63.0
50.0
49.666666666666664
45.0
69.0
32.666666666666664
62.333333333333336
73.66666666666667
57.0
45.333333333333336
62.017391304347825 56.91304347826087 60.26086956521739